10
0,8 8
0,2 2
0,7 7
0,3 3
1,7 7 0,7 0,3
2,7 7 0,2 1,7
1,8 8 0,8 2,7
0,1 1
2,8 8 1,8 0,1
0,0 0
1,3 3 1,7 0,0
0,6 6
2,3 3 1,3 0,6
3,7 7 0,1 1,8
1,0 0 2,3 3,7
0,9 9
1,3,1 3 0,9 1,8
2,0 0 1,0 1,3,1
1,1,1 1 1,0 0,3
1,0,1 0 2,3 0,2
0,4 4
1,2 2 0,2 0,3
1,3,2 3 0,2 1,2
2,2 2 1,3,2 3,7
1,1,2 1 0,4 2,2
1,1 1 1,0 1,2
1,6 6 1,1 3,7
1,3,3 3 0,0 1,7
2,0,1 0 1,6 1,3,3
1,4 4 1,2 0,4
0,5 5
2,3,1 3 1,3,2 0,1
3,3 3 0,5 2,3,1
4,3 3 1,4 3,3
1,9 9 1,0 0,9
3,3,1 3 1,9 0,1
4,7 7 1,9 2,3,1
1,1,3 1 4,7 3,3
2,0,2 0 1,9 1,1,3
2,0,3 0 1,6 2,3,1
